5839
6792
3988
1483
1406
7702
7856
9814
3383
1094
9069
6556
1983
7298
2685
8643
6825
2084
9463
3081
3021
3944
872
6780
6068
3051
3854
7325
8447
7113
7704
1009
128
7076
5544
4723
6266
8797
1991
8186
9100
1638
5112
118
1265
131
1953
5345
2299
2478
4682
2767
8035
8810
2574
9352
94
1042
9120
8081
3102
8925
8781
2689
5663
2231
8683
1275
9130
23
7312
1985
5099
303
1495
330
4743
6963
3350
3482
3801
4018
2458
2342
1142
158
3337
5595
9128
5789
358
956
4687
6651
3923
7522
285
7816
7414
4399
444
4021
485
8128
1713
6803
8339
7901
4093
9170
5551
1052
1904
8278
9609
121
8883
2058
5366
3935
7031
4483
4080
7635
7335
8180
3889
7874
8926
3872
43
2803
6374
6811
8201
4131
9688
4046
4955
987
2451
6088
3834
7761
4568
1976
3024
8492
4501
9584
